100   1   12   9  12   12   15   5   2   1   0   1   1   1   1   2  44   1   5   6  10   3   4   0   2   1   1   1   2   1   1   3 
    100    4   6   9    8    8   9   2   1  -1   1   3   1   0   1  -3  87  -1   3   7   2   2   6   2   1   0   1   3   1   1   1 
         100   4  10    8   14  13   1  -4  18   3  -2   4   6   4   9   3  34   3   8   3   3   8   0  -3  15   3  -2   4   5   2 
             100   5    6    7  11   3  -1   1   3   4   2   0   2   8   6   2  34   6   3   0   8   3  -1   1   3   3   2  -1   1 
                 100    4   11  12   5   1   3   1  -1   4   1   7  18  10   8   8  60   4   4  11   4   1   3   0   0   5   0   6 
                      100    7  11   5   2   1   0   0   2   1   5   9   7   4   5   4  31   0   8   6   3   2   0   0   2   2   4 
                           100   9   7   3   2   0   1   0  -2   6   9   8   7   5   9   2  33   5   7   3   3  -1   0   0  -2   6 
                               100   4   2   0  -1   0   1   0   4   2   8   6   8  10   4  -5  58   4   2   1  -1   0   1   0   3 
                                   100  -8   2  -7   6   4   0  -3   4   2   2   3   6   5   3   4  82  -8  -2  -7   5   4   1  -3 
                                       100  -6  -8  16  -7   5   8   1   1  -1   0   1   1   1   2  -7  85  -5  -8  13  -7   6   5 
                                           100   1   3   1  38  13   3  -1   8   1   4   1   2  -0   4  -5  76   2   2   2  35  13 
                                               100 -12   7   8   9   0   1   1   1   1   0   0  -1  -8  -7   3  92 -10   7   5   8 
                                                   100 -11   6  -5   2   3   0   2   1   1  -1   0   9  18   2 -11  81 -11   7  -5 
                                                       100 -14  -4   4   1   4   3   5   4   0   1   4  -7   1   6  -9  89 -14  -3 
                                                           100   4   2   1   2   0   2   1  -3   0   3   6  36   9   5 -14  71   6 
                                                               100   7   1   1   3   8   5   2   3  -4   8  14   9  -4  -3   3  71 
                                                                   100  -2   7   8  15   8   3  -2   3   2   3   0   2   4   2   6 
                                                                       100  -1   3   8   3   2   6   2   1  -0   1   3   1   1   2 
                                                                           100   0   7   4   3   5   2  -1   7   1   0   4   2   2 
                                                                               100   9   5   1   7   2   0   2   1   2   4  -1   2 
                                                                                   100   5   4   9   5   1   4   1   1   5   1   6 
                                                                                       100  -4   4   4   2   1   0   1   4   1   4 
                                                                                           100  -8   3   2   2   0  -1   0  -4   1 
                                                                                               100   3   2   1  -1   0   1   0   1 
                                                                                                   100  -7   1  -8   8   3   4  -4 
                                                                                                       100  -5  -7  15  -7   8   6 
                                                                                                           100   3   1   1  32  14 
                                                                                                               100  -9   6   6   9 
                                                                                                                   100  -9   5  -4 
                                                                                                                       100 -15  -3 
                                                                                                                           100   4 
                                                                                                                               100
