100   9   -1   0   1   -2    1  -1 -13   0   0   0   0   0   0   0  33  -7  -2  -1   1  -1   1 -12  -1   0   0   0   0   0   0   0
    100   -8   1   1    0   -1   0  -2  -2   0   0   3   1  -1  -1  -7  55  -7   0   1   0  -1   0  -2  -1   0   0   3   1  -1  -1
         100  -5  -2   -1   -2  -2  -2  -4   0   1   0   3  -2  -4   0  -7  68  -5  -2  -1  -2  -2  -2  -3   0   1   0   3  -2  -3
             100  -6   -2   -1   2  -2  -1   0   0   0   1   0  -4   1   2  -4  52  -6  -1   0   2  -3  -1   0   0   0   1   0  -4
                 100  -10    0   1   0  -1   0   0  -5   1   0   1   6   2  -2  -5  90  -9   0   2   0  -1   0   0  -5   1   0   1
                      100  -12   0   1   2  -1   0  -1  -5   1   2  -2   0  -1  -1 -10  73 -12   1   2   2  -1   0  -1  -5   1   2
                           100 -15   4   4  -1  -1   0  -2   1   4   2  -1  -2  -1   0 -13  81 -16   4   4  -1  -1   0  -2   1   3
			       100   2   1   0  -1  -2  -1   0   2 -14   0  -3   0   0   0 -15  65   1   1   0  -1  -2  -1   0   2
			           100  -1   3  -8   8   0   8  -9  -1  -1  -2  -2   0   1   4   1  43  -2   3  -7   8   0   8  -9
				       100 -19   1  13   0  17   1   0  -1  -2  -1  -1   2   3   0   5  88 -18   2  13   0  17  -1
				           100 -26  -6  20  -1  -2   0   0   0   0   0  -1  -1   1  -4 -17  97 -25  -6  20  -1  -2
					       100  -3  -1  10  15   0   0   1   0   0   0  -1  -1   4   1 -26  90  -3  -1  10  20
					           100 -11   8  -6   0   2   0   0  -5  -1   0  -2  12  12  -6  -3  96 -11   7  -5
						       100 -21  -6   0   1   4   1   1  -5  -2  -1  -2  -1  20  -1 -11  99 -20  -5
						           100 -25   0   0  -2   0   0   1   0   0  11  17  -2   9   7 -21  98 -22
							       100   0  -1  -3  -2   1   1   3   2  -8   0  -2  14  -6  -6 -25  79
							           100 -11   0   0   5  -2   2 -19  -2   0   0   0   0   0   0   0
								       100  -8   0   1   0  -1   1  -1  -1   0   0   2   1   0  -1
								           100  -5  -2  -1  -2  -2  -1  -2   0   1   0   4  -2  -3
									       100  -5  -1  -1   1  -2  -1   0   0   0   1   0  -3
									           100  -9   0   2   0   0   0   0  -5   1   0   1
										       100 -14   0   1   2  -1   0  -1  -5   1   1
										           100 -18   4   3  -1  -1   0  -2   0   3
											       100   1   0   1  -1  -2  -1   0   2
											           100   3  -4   4  12  -2  11 -10
												       100 -17   1  12  -1  17  -2
												           100 -25  -6  20  -2  -1
													       100  -3  -1   9  18
													           100 -10   7  -5
														       100 -20  -5
														           100 -22
                                                                                                                               100
